159220
159221
159232
159300
159305
159307
159331
159332
159333
159336
159351
159355
159375
159381
159388
159393
159400
159507
159545
159546
159547
159581
159583
159596
159629
159633
159650
159667
159747
159806
159814
159830
159845
159901
159909
159919
159922
159925
159928
159934
159941
159943
159966
159967
159970
159975
159991
160706
510020
510030
510100
510170
510180
510230
510300
510310
510580
510630
510720
510810
510880
511030
511060
511130
511190
511220
511270
512250
512700
512930
513380
513820
513920
513950
515050
515180
515300
515450
515980
516160
516300
518600
518680
518800
520660
520900
520990
530880
551800
560010
560020
560070
560150
560350
560510
560530
560570
560610
561060
561230
561960
562060
562810
563020
563330
563500
563700
563900
588080
588760
588790